60 995
60 984
71 964
91 928
107 897
121 867
138 833
163 791
175 768
190 740
209 714
232 691
274 677
325 674
378 682
427 699
453 714
482 740
512 778
533 807
552 840
566 875
583 917
592 940
602 964
610 988
614 1009
614 1012
614 1012
621 998
629 972
641 924
671 849
689 806
709 772
726 752
758 727
776 711
799 694
839 678
882 677
928 677
993 677
1037 684
1107 701
1157 725
1203 757
1250 794
1282 835
1303 866
1331 918
1345 953
1350 971
1352 984
1352 984
1347 948
1340 874
1348 806
1371 738
1399 675
1426 635
1467 607
1516 599
1602 593
1651 598
1681 610
1729 621
1768 636
1808 655
1811 657
1808 640
1790 594
1774 533
1748 465
1723 439
1680 409
1645 375
1604 344
1554 323
1506 298
1436 266
1386 241
1305 209
1244 197
1188 185
1089 166
1014 149
900 141
851 138
754 138
689 138
630 140
571 152
539 161
490 181
452 200
415 222
377 247
336 288
305 339
283 375
255 419
221 484
190 558
166 610
147 652
135 676
124 706
114 733
106 773
91 838
86 868
84 899
82 924
77 964
74 984
75 997
81 1020
84 1022
86 1023
112 1013
143 1001
185 983
222 968
267 947
348 914
405 892
456 863
532 818
594 781
655 744
719 706
796 659
873 611
962 562
1038 525
1117 481
1179 452
1233 421
1263 402
1297 380
1350 351
1441 300
1534 240
1578 207
1602 185
1643 163
1714 129
1728 120
1730 119
1730 119
1728 135
1727 160
1731 185
1741 231
1745 279
1754 324
1780 394
1767 433
1716 470
1660 518
1620 597
1614 669
1623 696
1661 725
1720 780
1750 836
1757 871
1752 913
1733 953
1702 965
1622 963
1552 939
1509 907
1471 858
1433 817
1380 790
1322 766
1299 749
1272 728
1227 698
1163 660
1122 626
1057 588
966 520
883 453
812 394
746 327
683 271
608 225
541 188
473 159
389 125
289 94
246 78
222 74
199 74
185 75
158 85
135 105
118 129
99 160
83 197
77 229
76 290
85 371
95 432
117 480
133 503
157 518
210 531
271 554
311 585
365 641
397 695
433 765
471 835
486 876
493 901
501 940
507 981
509 1010
512 1031
512 1033
512 1035
525 1011
560 940
624 807
677 714
708 679
734 662
762 650
837 648
928 648
1001 661
1053 679
1092 709
1137 755
1183 822
1218 883
1238 931
1250 964
1259 988
1262 998
1264 1002
1264 1002
1267 967
1270 897
1273 821
1278 729
1296 643
1316 596
1357 557
1434 524
1526 498
1603 491
1664 495
1726 504
1774 518
1789 524
1792 523
1794 508
1795 485
1782 443
1754 400
1637 363
1480 328
1360 299
1265 278
1165 259
1081 242
1026 236
972 236
956 236
956 236
945 248
850 273
807 275
791 275
745 275
678 275
590 275
468 280
371 301
307 326
264 353
220 395
188 451
182 497
186 536
199 574
218 595
262 598
380 598
531 590
626 577
688 566
748 566
817 566
862 566
899 566
959 561
981 561
984 561
1002 567
1032 567
1073 574
1092 599
1111 654
1131 743
1138 820
1132 856
1109 887
1085 909
1036 928
957 939
893 925
837 851
790 754
761 684
748 627
744 593
735 547
724 489
721 475
720 464
719 446